samples	pheno	pc1	pc2	pc3
C150C	1	0.0215707	0.0321269	-0.039795
C153C	1	0.0257316	0.0131249	0.00213491
C15C	1	0.0436006	-0.0087582	0.0416397
C20C	1	0.0458274	-0.0122238	-0.00850697
C21C	1	0.0426062	-0.0293189	0.0299684
C227C	1	0.0217475	0.00135509	0.0198154
C25C	1	0.00618138	-0.000258983	-0.0028934
C26C	1	0.0428698	-0.0303775	-0.0239006
C272C	1	0.0429225	-0.0112147	0.0330006
C275C	1	0.0449451	-0.0256797	-0.0505308
C276C	1	0.0441627	-0.0126872	0.0150185
C277C	1	0.0422927	-0.0134415	-0.0154397
C278C	1	0.0409713	-0.0220108	-0.0179645
C281C	1	0.0386641	-0.0212364	0.028713
C29C	1	0.0433277	-0.0190228	0.0117456
C312C	1	-0.0538378	0.00166182	-0.00940554
C313C	1	0.0123697	0.00374707	-0.0198594
C316C	1	0.00673998	0.00711183	0.0154256
C31C	1	0.0401081	-0.0228857	-0.0136589
C322C	1	0.0211054	0.0248369	0.0562329
C330C	1	-0.00234788	0.0396479	0.0218525
C335C	1	0.0267872	0.016987	0.0436929
C337C	1	-0.00789645	0.0134974	-0.0258285
C338C	1	0.00133806	0.019635	0.029705
C340C	1	-0.000526671	0.0180873	-0.05511
C36C	1	0.0409293	-0.0272322	0.00267594
C38C	1	0.0352114	-0.00682239	0.00327275
C39C	1	0.0411487	-0.00888963	-0.00664868
C41C	1	0.0411525	-0.0344965	0.0336849
C421C	1	0.0123173	-0.00978318	0.0234937
C42C	1	0.0278659	-0.0187978	-0.0511227
C45C	1	0.0482962	-0.0338812	-0.0213036
C462C	1	0.046524	-0.0155358	0.0308091
C463C	1	0.0429364	-0.0204962	0.0212117
C468C	1	0.0450906	-0.0236469	0.00493925
C46C	1	0.0434602	-0.0180206	-0.0234056
C488C	1	-0.0239032	-0.00671706	0.0209538
C48C	1	0.0147486	0.0433791	0.00405625
C491C	1	0.00708696	0.0343992	0.00930884
C492C	1	0.0207699	-0.0096174	-0.0380219
C493C	1	-0.0144015	0.0363823	-0.0245488
C494C	1	-0.0140507	0.0491429	0.00265224
C496C	1	-0.0056628	0.0283697	-0.0248451
C499C	1	-0.00206291	0.00246007	-0.0254247
C49C	1	0.046458	-0.0208489	-0.0508273
C500C	1	0.00546875	0.0123302	0.0512057
C502C	1	-0.0454615	0.00126673	-0.0629318
C507C	1	0.001237	0.0344496	-0.0601401
C509C	1	-0.0233752	0.0345086	0.0229735
C50C	1	0.0427676	-0.0124373	0.0446097
C512C	1	-0.0393975	0.0285088	0.0216612
C513C	1	-0.0129191	0.0133221	0.0304533
C514C	1	0.00502498	0.00919324	-0.0248723
C515C	1	-0.0103326	0.0373126	0.0185284
C517C	1	0.00136759	0.000783434	-0.0223842
C521C	1	0.00106925	-0.00389659	-0.03771
C524C	1	-0.0252135	0.0324411	0.0685866
C527C	1	-0.0218456	0.0319831	0.011239
C531C	1	-0.016277	0.0332879	0.0289527
C533C	1	0.00236717	0.000737039	-0.0261533
C535C	1	0.0455507	-0.0282874	0.011013
C53C	1	0.0408267	-0.00401322	0.00148017
C542C	1	0.0344319	-0.00405954	0.0217804
C568C	1	0.00612328	-0.000374489	0.0380725
C569C	1	-0.00830266	0.0114185	0.00939494
C570C	1	-0.0378649	0.0256625	-0.000910657
C571C	1	0.01068	0.00256598	-0.0201575
C572C	1	0.0422095	-0.0187551	-0.00658452
C573C	1	0.0451414	-0.0158435	0.0217373
C574C	1	0.0456074	0.00415205	0.0446781
C578C	1	0.0420487	-0.0187831	0.0022143
C579C	1	0.0424498	-0.00764082	-0.0531402
C580C	1	0.0393015	-0.00470561	0.0153646
C582C	1	-0.0156716	0.00873107	-0.073153
C584C	1	0.0366395	-0.0112631	0.0432274
C589C	1	0.00237205	0.0403699	-0.031053
C598C	1	-0.0456718	0.0275361	0.00821743
C5C	1	0.0434219	-0.0355347	0.0120799
C603C	1	-0.0378537	0.0129896	0.0150961
C605C	1	1.41593e-05	-0.00891858	0.0442345
C607C	1	0.00221564	0.00885906	0.0219807
C608C	1	0.00863804	0.0033976	0.000463272
C609C	1	-0.00608463	-0.0524177	-0.0163633
C610C	1	0.0159906	0.00196034	-0.032119
C611C	1	0.00995352	-0.0100179	0.0230926
C612C	1	-0.00282899	0.0124723	0.0346594
C613C	1	0.00359406	-0.00820204	-0.0754303
C615C	1	0.0415286	-0.021625	0.0498245
C616C	1	0.0393851	-0.0129465	0.020791
C617C	1	0.0394487	-0.00608801	0.00186279
C618C	1	0.047153	-0.0225413	0.0103404
C619C	1	0.0420533	-0.0125924	0.0421374
C620C	1	0.0406027	-0.0125668	0.0364717
C623C	1	0.0367818	-0.0205113	0.010466
C626C	1	0.0408695	-0.0145106	0.0437192
C628C	1	0.039217	-0.0396554	-0.0154673
C631C	1	0.0417263	-0.0105849	-0.0377125
C632C	1	0.0364816	-0.0186558	0.0225949
C633C	1	0.039106	-0.0181394	0.00227508
HKU_10	0	-0.00311473	0.00468674	0.0222527
HKU_11	0	-0.0125804	0.0293894	0.0409678
HKU_112	0	-0.0136148	0.0113802	-0.0838103
HKU_113	0	-0.0192469	0.031889	0.0474358
HKU_114	0	0.000111239	0.0279565	-0.0907142
HKU_115	0	-0.0148567	0.0202812	0.00568677
HKU_116	0	-0.00925929	0.041394	0.0343105
HKU_117	0	-0.0251065	0.0310516	-0.00497596
HKU_118	0	-0.00992923	0.0146803	0.0178627
HKU_119	0	0.0140498	0.0365262	-0.028545
HKU_12	0	-0.0251569	0.0327184	0.0283604
HKU_120	0	-0.0259408	0.0465557	0.0661898
HKU_121	0	-0.0255268	0.0374927	0.035973
HKU_122	0	-0.0218983	0.00948707	0.0559092
HKU_123	0	-0.0241533	0.0249963	0.0147238
HKU_124	0	-0.0233336	0.0505032	0.016346
HKU_125	0	-0.0256013	0.0279309	0.00810007
HKU_126	0	-0.0331279	0.0455363	0.0373251
HKU_129	0	-0.0258467	0.0442703	0.0165825
HKU_130	0	-0.0241123	0.0283605	-0.000227723
HKU_131	0	0.00171012	0.030066	-0.0446479
HKU_132	0	-0.0244807	0.0307741	-0.0652289
HKU_133	0	-0.0224491	0.0371356	0.0127374
HKU_134	0	-0.0133719	0.0275065	0.0358062
HKU_135	0	-0.0207176	0.0124581	-0.00144809
HKU_136	0	-0.00358197	0.0381033	0.0124001
HKU_137	0	-0.0171686	0.0429013	-0.00244844
HKU_138	0	-0.0165607	0.0426293	-0.0453329
HKU_139	0	-0.0265371	0.0129568	0.0344207
HKU_140	0	-0.0224778	0.0371305	0.0115647
HKU_141	0	-0.026211	0.0209433	-0.0324025
HKU_144	0	-0.0268378	0.0232599	0.0088741
HKU_145	0	-0.0220666	0.02062	0.00273851
HKU_147	0	-0.0232054	0.021071	-0.0450583
HKU_148	0	0.00360574	0.0227856	-0.00127626
HKU_151	0	-0.0163171	0.0244914	0.0430018
HKU_152	0	-0.0258204	0.0366811	0.00580715
HKU_154	0	-0.0262197	0.0337043	-0.00636767
HKU_155	0	0.0396526	-0.0137854	-0.0382224
HKU_157	0	-0.0115809	0.0334313	0.0256458
HKU_158	0	0.00220863	0.0236698	0.0444153
HKU_161	0	-0.0165054	0.0302612	-0.0510713
HKU_162	0	-0.0115924	0.0268077	0.0117947
HKU_174	0	-0.0237916	0.0432324	0.0267254
HKU_177	0	-0.00837388	0.0119002	-0.051659
HKU_180	0	-0.0201381	0.042939	0.0152318
HKU_183	0	-0.028677	0.0544142	-0.0348302
HKU_184	0	-0.0272377	0.0277475	0.0764074
HKU_185	0	-0.0316956	0.0412554	0.0396832
HKU_190	0	-0.0296416	0.0382791	0.00833052
HKU_191	0	-0.0259986	0.0314255	-0.00552647
HKU_194	0	-0.0134342	0.0343169	-0.0507463
HKU_197	0	-0.0332061	0.0235254	0.0545112
HKU_198	0	-0.0207936	0.0304765	-0.0695568
HKU_201	0	-0.0123507	0.0310747	0.0026129
HKU_202	0	-0.00558297	0.0373167	0.0438421
HKU_204	0	-0.0239749	0.0258833	0.0262101
HKU_206	0	-0.0108949	0.0248389	0.0363031
HKU_21	0	-0.0283112	0.020601	0.0143761
HKU_212	0	-0.0240848	0.0355074	0.0213822
HKU_213	0	-0.0133025	0.0379982	-0.03162
HKU_215	0	-0.0235284	0.0384552	-0.0331423
HKU_217	0	-0.0211427	0.0255891	0.0198311
HKU_218	0	-0.0142821	0.0298594	0.0537247
HKU_219	0	-0.0254453	0.0479309	0.000203912
HKU_22	0	-0.022052	0.0157972	0.0116541
HKU_221	0	-0.0245864	0.0450244	-0.0380692
HKU_222	0	-0.0189515	0.0363947	-0.0200141
HKU_223	0	-0.024208	0.0359898	-0.0193056
HKU_224	0	-0.0337325	0.0346263	-0.0398283
HKU_227	0	-0.0215547	0.00680126	0.000804371
HKU_23	0	-0.0191219	0.0392383	-0.023708
HKU_230	0	-0.0189118	0.0374825	-0.0591996
HKU_232	0	-0.00856981	0.0340691	-0.0322532
HKU_234	0	0.0180883	0.00278838	6.18835e-05
HKU_236	0	-0.0288386	0.0281112	0.0614227
HKU_24	0	-0.017424	0.0267364	0.0665526
HKU_242	0	-0.00529523	0.0349097	-0.0127663
HKU_244	0	-0.0173346	0.0437997	0.0105943
HKU_245	0	-0.00359225	0.0226841	-0.0152405
HKU_246	0	-0.0278102	0.0146133	0.0142749
HKU_249	0	0.00358244	0.030134	0.00500474
HKU_25	0	-0.0221378	0.0372514	0.0272999
HKU_252	0	-0.0163599	0.0264208	-0.023591
HKU_254	0	-0.0052324	0.0292374	-0.0101483
HKU_257	0	-0.0289895	0.0316782	-0.0212163
HKU_258	0	-0.00158196	0.0309571	-0.032231
HKU_26	0	-0.0268577	0.0364391	0.0661586
HKU_264	0	-0.0174272	0.0242824	0.0235487
HKU_267	0	-0.00497683	0.0377512	-0.0197242
HKU_268	0	-0.0256181	0.0336377	-0.0296084
HKU_27	0	-0.0219639	0.0314187	0.0237332
HKU_270	0	-0.00280677	0.0177629	-0.00386045
HKU_271	0	0.00120534	0.038472	-0.011362
HKU_274	0	-0.0181102	0.0285768	-0.0737479
HKU_275	0	-0.0116635	0.029901	-0.014345
HKU_276	0	-0.0169793	0.0463283	-0.0339903
HKU_278	0	-0.0307426	0.0417035	0.0520892
HKU_279	0	-0.0206616	0.0328148	0.0160078
HKU_280	0	-0.0231264	0.0346209	-0.0554508
